7 7
8 8
9 9
10 10
11 11
12 12
13 13
14 14
15 15
16 16
17 17
18 18
19 19
20 20
21 21
22 22
23 23
24 24
25 25
26 26
27 27
28 28
29 29
30 30
30 31
30 32
30 33
30 34
30 35
30 36
30 37
30 38
30 39
31 40
31 41
32 42
32 43
33 44
34 45
34 46
35 47
36 48
37 49
37 50
36 51
35 52
34 53
34 54
33 55
32 56
32 57
31 58
31 59
30 60
30 61
30 62
30 63
30 64
30 65
30 66
30 67
30 68
30 69
30 70
30 71
30 72
31 73
31 74
32 75
32 76
33 77
34 78
34 79
35 80
36 81
37 82
38 83
37 84
36 85
35 86
34 87
34 88
33 89
32 90
32 91
31 92
31 93
30 94
30 95
30 96
30 97
30 98
30 99
30 100
30 101
30 102
30 103
30 104
30 105
30 106
31 107
31 108
32 109
32 110
33 111
34 112
34 113
35 114
36 115
37 116
37 117
36 118
35 119
34 120
34 121
33 122
32 123
32 124
31 125
31 126
30 127
30 128
30 129
30 130
30 131
30 132
30 133
30 134
30 135
30 136
30 137
30 138
30 139
31 140
31 141
32 142
32 143
33 144
34 145
34 146
35 147
36 148
37 149
37 150
36 151
35 152
34 153
34 154
33 155
32 156
32 157
31 158
31 159
30 160
30 161
30 162
30 163
30 164
30 165
30 166
30 167
30 168
30 169
30 170
30 171
30 172
31 173
31 174
32 175
32 176
33 177
34 178
34 179
35 180
36 181
37 182
38 183
39 184
40 185
41 186
42 187
43 188
44 189
45 190
46 191
47 192
48 193
49 194
50 194
51 194
52 193
53 192
54 191
55 190
56 189
57 188
58 187
59 186
60 185
61 184
62 183
63 182
64 181
65 180
66 179
67 178
68 177
69 176
70 175
71 174
72 173
73 172
74 171
75 170
76 169
77 168
78 167
79 166
80 165
80 164
80 163
80 162
80 161
80 160
81 159
81 158
82 157
82 156
83 155
84 154
84 153
85 152
86 151
87 150
87 149
86 148
85 147
84 146
84 145
83 144
82 143
82 142
81 141
81 140
80 139
80 138
80 137
80 136
80 135
80 134
80 133
80 132
80 131
80 130
80 129
80 128
80 127
81 126
81 125
82 124
82 123
83 122
84 121
84 120
85 119
86 118
87 117
87 116
86 115
85 114
84 113
84 112
83 111
82 110
82 109
81 108
81 107
80 106
80 105
80 104
80 103
80 102
80 101
80 100
80 99
80 98
80 97
80 96
80 95
80 94
81 93
81 92
82 91
82 90
83 89
84 88
84 87
85 86
86 85
87 84
88 83
87 82
86 81
85 80
84 79
84 78
83 77
82 76
82 75
81 74
81 73
80 72
80 71
80 70
80 69
80 68
80 67
80 66
80 65
80 64
80 63
80 62
80 61
80 60
81 59
81 58
82 57
82 56
83 55
84 54
84 53
85 52
86 51
87 50
87 49
86 48
85 47
84 46
84 45
83 44
82 43
82 42
81 41
81 40
80 39
80 38
80 37
80 36
80 35
80 34
80 33
80 32
80 31
80 30
80 29
80 28
80 27
81 26
81 25
82 24
82 23
83 22
84 21
84 20
85 19
86 18
87 17
88 17
89 16
90 15
91 15
92 14
93 14
94 13
95 13
96 13
97 13
98 13
99 13
100 13
101 13
102 13
103 13
104 13
105 13
106 13
107 14
108 14
109 15
110 15
111 16
112 17
113 17
114 18
115 19
116 20
117 21
118 22
119 23
120 24
121 25
122 26
123 27
124 28
125 29
126 30
127 31
128 32
129 33
130 34
130 35
130 36
130 37
130 38
130 39
131 40
131 41
132 42
132 43
133 44
134 45
134 46
135 47
136 48
137 49
137 50
136 51
135 52
134 53
134 54
133 55
132 56
132 57
131 58
131 59
130 60
130 61
130 62
130 63
130 64
130 65
130 66
130 67
130 68
130 69
130 70
130 71
130 72
131 73
131 74
132 75
132 76
133 77
134 78
134 79
135 80
136 81
137 82
138 83
137 84
136 85
135 86
134 87
134 88
133 89
132 90
132 91
131 92
131 93
130 94
130 95
130 96
130 97
130 98
130 99
130 100
130 101
130 102
130 103
130 104
130 105
130 106
131 107
131 108
132 109
132 110
133 111
134 112
134 113
135 114
136 115
137 116
137 117
136 118
135 119
134 120
134 121
133 122
132 123
132 124
131 125
131 126
130 127
130 128
130 129
130 130
130 131
130 132
130 133
130 134
130 135
130 136
130 137
130 138
130 139
131 140
131 141
132 142
132 143
133 144
134 145
134 146
135 147
136 148
137 149
137 150
136 151
135 152
134 153
134 154
133 155
132 156
132 157
131 158
131 159
130 160
130 161
130 162
130 163
130 164
130 165
130 166
130 167
130 168
130 169
130 170
130 171
130 172
131 173
131 174
132 175
132 176
133 177
134 178
134 179
135 180
136 181
137 182
138 183
139 184
140 185
141 186
142 187
143 188
144 189
145 190
146 191
147 192
148 193
149 194
150 194
151 194
152 193
153 192
154 191
155 190
156 189
157 188
158 187
159 186
160 185
161 184
162 183
163 182
164 181
165 180
166 179
167 178
168 177
169 176
170 175
171 174
172 173
173 172
174 171
175 170
176 169
177 168
178 167
179 166
180 165
180 164
180 163
180 162
180 161
180 160
181 159
181 158
182 157
182 156
183 155
184 154
184 153
185 152
186 151
187 150
187 149
186 148
185 147
184 146
184 145
183 144
182 143
182 142
181 141
181 140
180 139
180 138
180 137
180 136
180 135
180 134
180 133
180 132
180 131
180 130
180 129
180 128
180 127
181 126
181 125
182 124
182 123
183 122
184 121
184 120
185 119
186 118
187 117
187 116
186 115
185 114
184 113
184 112
183 111
182 110
182 109
181 108
181 107
180 106
180 105
180 104
180 103
180 102
180 101
180 100
180 99
180 98
180 97
180 96
180 95
180 94
181 93
181 92
182 91
182 90
183 89
184 88
184 87
185 86
186 85
187 84
188 83
187 82
186 81
185 80
184 79
184 78
183 77
182 76
182 75
181 74
181 73
180 72
180 71
180 70
180 69
180 68
180 67
180 66
180 65
180 64
180 63
180 62
180 61
180 60
181 59
181 58
182 57
182 56
183 55
184 54
184 53
185 52
186 51
187 50
187 49
186 48
185 47
184 46
184 45
183 44
182 43
182 42
181 41
181 40
180 39
180 38
180 37
180 36
180 35
180 34
180 33
180 32
180 31
180 30
180 29
180 28
180 27
181 26
181 25
182 24
182 23
183 22
184 21
184 20
185 19
186 18
187 17
188 17
189 16
190 15
191 15
192 14
193 14
194 13
195 13
196 13
197 13
198 13
199 13
200 13
201 13
202 13
203 13
204 13
205 13
206 13
207 14
208 14
209 15
210 15
211 16
212 17
213 17
214 18
215 19
216 20
217 21
218 22
219 23
220 24
221 25
222 26
223 27
224 28
225 29
226 30
227 31
228 32
229 33
230 34
231 35
232 36
233 37
234 38
235 39
236 40
237 41
238 42
239 43
240 44
241 45
242 46
243 47
244 48
244 49
244 50
244 51
244 52
244 53
244 54
244 55
244 56
244 57
244 58
244 59
244 60
244 61
244 62
244 63
244 64
244 65
244 66
244 67
244 68
244 69
244 70
244 71
244 72
244 73
244 74
244 75
244 76
244 77
244 78
244 79
244 80
244 81
244 82
244 83
244 84
244 85
244 86
244 87
244 88
244 89
244 90
244 91
244 92
244 93
244 94
244 95
244 96
244 97
244 98
244 99
244 100
244 101
244 102
244 103
244 104
244 105
244 106
244 107
244 108
244 109
244 110
244 111
244 112
244 113
244 114
244 115
244 116
244 117
244 118
244 119
244 120
244 121
244 122
244 123
244 124
244 125
244 126
244 127
244 128
244 129
244 130
244 131
244 132
244 133
244 134
244 135
244 136
244 137
244 138
244 139
244 140
244 141
244 142
244 143
244 144
244 145
244 146
244 147
244 148
244 149
244 150
244 151
244 152
244 153
244 154
244 155
244 156
244 157
244 158
244 159
244 160
244 161
244 162
244 163
244 164
244 165
244 166
244 167
244 168
244 169
244 170
244 171
244 172
244 173
244 174
244 175
244 176
244 177
244 178
244 179
244 180
244 181
244 182
244 183
244 184
244 185
244 186
244 187
244 188
244 189
244 190
244 191
244 192
244 193
244 194
